      Step     Time          Energy          fmax
FIRE:    0 16:01:38  -239253.863724        1.145325
FIRE:    1 16:04:04  -239253.918629        1.119906
      Step     Time          Energy          fmax
FIRE:    0 16:04:04  -239253.918629        1.561812
FIRE:    1 16:06:29  -239253.943670        1.554272
